0 500 75
1 500 125
2 500 175
3 500 225
4 500 325
5 525 250
6 525 300
7 550 275
8 600 275
9 600 325
10 625 350
11 650 325
12 700 325
13 650 275
14 700 275
15 675 225
16 700 200
17 725 225
18 600 225
19 750 275
20 675 350
21 750 225
22 450 125
23 400 125
24 350 125
25 375 225
26 400 175
27 350 175
28 400 425
29 300 225
30 300 325
31 275 250
32 275 300
33 250 275
34 200 275
35 200 325
36 175 350
37 150 325
38 100 325
39 150 275
40 100 275
41 125 225
42 100 200
43 75 225
44 200 225
45 50 275
46 125 350
47 50 225
48 350 250
49 325 275
50 350 300
51 375 325
52 425 325
53 450 300
54 475 275
55 450 250
56 425 225
57 625 100
58 725 100
59 725 150
60 625 150
61 175 150
62 175 100
63 75 100
64 75 150
65 50 400
66 125 400
67 50 500
68 125 500
69 175 400
70 250 400
71 175 500
72 250 500
73 550 400
74 625 400
75 550 500
76 625 500
77 675 400
78 750 400
79 676 500
80 750 500
81 450 375
82 450 475
83 300 350
84 325 375
85 350 375
86 350 437
87 350 475
88 338 500
89 300 525
90 250 225
91 250 325
92 550 225
93 550 325
94 88 450
95 213 450
96 588 450
97 713 450
98 125 125
99 675 125
100 100 175
101 150 175
102 650 175
103 700 175
104 375 525
105 300 500
106 400 475
107 375 500
108 450 175
109 450 425
110 400 375
111 460 325
112 100 385
113 200 385
114 605 385
115 700 385
$
0 1 2.0
1 2 2.0
1 22 2.23
2 3 2.0
2 22 2.23
3 4 4.0
3 5 1.41
4 6 1.41
5 7 1.41
5 6 2.0
6 7 1.41
7 8 2.0
7 18 2.82
7 9 2.82
8 9 2.0
8 13 2.0
8 18 2.0
9 4 4.0
9 10 1.41
9 11 2.0
10 11 1.41
11 13 2.0
11 14 2.82
11 12 2.0
11 20 1.41
12 13 2.82
12 14 2.0
12 19 2.23
13 14 2.0
13 15 2.23
13 18 2.82
14 15 2.23
14 17 2.23
14 19 2.23
15 18 3.0
15 17 2.0
15 16 1.41
16 17 1.41
17 21 1.41
19 21 2.0
20 12 1.41
22 23 2.0
23 24 2.0
29 30 4.0
29 31 1.41
30 32 1.41
31 33 1.41
31 32 2.0
32 33 1.41
32 35 3.16
35 32 3.16
33 34 2.0
33 44 2.82
33 35 2.82
34 35 2.0
34 39 2.0
34 44 2.0
35 36 1.41
35 37 2.0
35 39 2.82
39 35 2.82
36 37 1.41
37 39 2.0
37 40 2.82
37 38 2.0
37 46 1.41
38 39 2.82
38 40 2.0
38 45 2.23
39 40 2.0
39 41 2.23
39 44 2.82
40 41 2.23
40 43 2.23
40 45 2.23
41 44 3.0
41 43 2.0
41 42 1.41
42 43 1.41
43 47 1.41
45 47 2.0
46 38 1.41
25 56 2.0
56 55 1.41
55 54 1.41
54 53 1.41
53 52 1.41
52 51 2.0
51 50 1.41
50 49 1.41
49 33 3.0
33 49 3.0
49 48 1.41
48 25 1.41
53 4 2.23
54 3 2.23
54 4 2.23
55 3 2.23
56 2 3.6
56 3 3.0
29 25 3.0
48 29 2.23
49 29 2.23
49 30 2.23
50 30 2.23
51 30 3.0
46 66 2.0
65 67 4.0
65 66 3.0
67 68 3.0
66 68 4.0
36 69 2.0
69 70 3.0
69 71 4.0
70 72 4.0
71 72 3.0
10 74 2.0
73 74 3.0
73 75 4.0
74 76 4.0
75 76 3.0
20 77 2.0
77 78 3.0
77 79 4.0
63 62 4.0
63 64 2.0
62 61 2.0
64 61 4.0
57 58 4.0
57 60 2.0
58 59 2.0
60 59 4.0
78 80 4.0
79 80 4.0
81 82 3.0
81 52 3.0
83 30 1.0
83 84 1.41
84 51 2.0
84 85 1.41
85 86 1.5
86 87 1.5
87 88 1.41
88 89 1.41
1 0 2.0
2 1 2.0
22 1 2.23
3 2 2.0
22 2 2.23
4 3 4.0
5 3 1.41
6 4 1.41
7 5 1.41
6 5 2.0
6 9 3.16
9 6 3.16
7 6 1.41
8 7 2.0
18 7 2.82
9 7 2.82
9 8 2.0
13 8 2.0
18 8 2.0
4 9 4.0
10 9 1.41
11 9 2.0
11 10 1.41
13 11 2.0
14 11 2.82
12 11 2.0
20 11 1.41
13 12 2.82
14 12 2.0
19 12 2.23
14 13 2.0
15 13 2.23
18 13 2.82
15 14 2.23
17 14 2.23
19 14 2.23
18 15 3.0
17 15 2.0
16 15 1.41
17 16 1.41
21 17 1.41
21 19 2.0
12 20 1.41
23 22 2.0
24 23 2.0
30 29 4.0
31 29 1.41
32 30 1.41
33 31 1.41
32 31 2.0
33 32 1.41
34 33 2.0
91 34 2.82
34 91 2.82
34 90 2.82
90 34 2.82
44 33 2.82
35 33 2.82
35 34 2.0
39 34 2.0
44 34 2.0
36 35 1.41
37 35 2.0
37 36 1.41
39 37 2.0
40 37 2.82
38 37 2.0
46 37 1.41
39 38 2.82
40 38 2.0
45 38 2.23
40 39 2.0
41 39 2.23
44 39 2.82
41 40 2.23
43 40 2.23
45 40 2.23
44 41 3.0
43 41 2.0
42 41 1.41
43 42 1.41
47 43 1.41
47 45 2.0
38 46 1.41
56 25 2.0
55 56 1.41
54 55 1.41
53 54 1.41
52 53 1.41
51 52 2.0
50 51 1.41
49 50 1.41
48 49 1.41
25 48 1.41
4 53 2.23
3 54 2.23
4 54 2.23
3 55 2.23
2 56 3.6
3 56 3.0
25 29 3.0
29 48 2.23
29 49 2.23
30 49 2.23
30 50 2.23
30 51 3.0
66 46 2.0
67 65 4.0
66 65 3.0
68 67 3.0
68 66 4.0
69 36 2.0
70 69 3.0
71 69 4.0
72 70 4.0
72 71 3.0
74 10 2.0
74 73 3.0
75 73 4.0
76 74 4.0
76 75 3.0
77 20 2.0
78 77 3.0
79 77 4.0
62 63 4.0
64 63 2.0
61 62 2.0
61 64 4.0
58 57 4.0
60 57 2.0
59 58 2.0
59 60 4.0
80 78 4.0
80 79 4.0
82 81 3.0
52 81 3.0
30 83 1.0
84 83 1.41
51 84 2.0
85 84 1.41
86 85 1.5
87 86 1.5
88 87 1.41
89 88 1.41
54 7 3.0
7 54 3.0
8 11 2.82
11 8 2.82
34 37 2.82
37 34 2.82
51 81 3.6
81 51 3.6
52 85 4.24
85 52 4.24
31 44 3.16
44 31 3.16
5 18 3.16
18 5 3.16
10 73 3.16
73 10 3.16
20 78 3.16
78 20 3.16
36 70 3.16
70 36 3.16
46 65 3.16
65 46 3.16
65 68 5.0
68 65 5.0
66 67 5.0
67 66 5.0
69 72 5.0
72 69 5.0
70 71 5.0
71 70 5.0
73 76 5.0
76 73 5.0
74 75 5.0
75 74 5.0
77 80 5.0
80 77 5.0
79 78 5.0
78 79 5.0
44 90 2.0
90 44 2.0
90 29 2.0
29 90 2.0
3 92 2.0
92 3 2.0
92 18 2.0
18 92 2.0
4 93 2.0
93 8 2.82
8 93 2.82
9 13 2.82
13 9 2.82
8 92 2.82
92 8 2.82
93 4 2.0
93 9 2.0
9 93 2.0
35 91 2.0
91 35 2.0
91 30 2.0
30 91 2.0
6 93 1.41
93 6 1.41
93 7 2.0
7 93 2.0
7 92 2.0
92 7 2.0
33 91 2.0
91 33 2.0
33 90 2.0
90 33 2.0
94 66 2.5
94 65 2.5
94 67 2.5
94 68 2.5
66 94 2.5
65 94 2.5
67 94 2.5
68 94 2.5
95 69 2.5
95 70 2.5
95 71 2.5
95 72 2.5
69 95 2.5
70 95 2.5
71 95 2.5
72 95 2.5
96 73 2.5
96 74 2.5
96 75 2.5
96 76 2.5
73 96 2.5
74 96 2.5
75 96 2.5
76 96 2.5
97 77 2.5
97 78 2.5
97 79 2.5
97 80 2.5
77 97 2.5
78 97 2.5
79 97 2.5
80 97 2.5
98 63 2.23
98 62 2.23
98 64 2.23
98 61 2.23
63 98 2.23
62 98 2.23
64 98 2.23
61 98 2.23
99 57 2.23
99 58 2.23
99 60 2.23
99 59 2.23
57 99 2.23
58 99 2.23
59 99 2.23
60 99 2.23
42 100 1.0
100 42 1.0
100 101 2.0
101 100 2.0
101 61 1.41
61 101 1.41
100 64 1.41
64 100 1.41
16 103 1.0
103 16 1.0
103 102 2.0
102 103 2.0
102 60 1.41
60 102 1.41
103 59 1.41
59 103 1.41
104 89 3.0
104 88 2.23
89 104 3.0
88 104 2.23
105 89 1.0
89 105 1.0
105 88 1.0
88 105 1.0
88 107 2.0
107 88 2.0
107 104 1.0
104 107 1.0
87 107 1.41
107 87 1.41
106 107 1.41
107 106 1.41
106 82 2.0
82 106 2.0
87 106 2.0
106 87 2.0
108 2 2.0
2 108 2.0
108 26 2.0
26 108 2.0
108 56 2.3
56 108 2.3
108 22 2.0
22 108 2.0
26 23 2.0
23 26 2.0
26 27 2.0
27 26 2.0
24 26 2.0
26 24 2.0
27 24 2.0
24 27 2.0
27 23 2.83
23 27 2.83
23 108 2.83
108 23 2.83
26 22 2.83
22 26 2.83
108 1 2.83
1 108 2.83
108 3 2.83
3 108 2.83
26 56 2.23
56 26 2.23
26 25 2.23
25 26 2.23
27 25 2.23
25 27 2.23
27 48 3.0
48 27 3.0
28 87 2.82
87 28 2.82
82 28 2.82
28 82 2.82
85 28 2.82
28 85 2.82
28 81 2.82
81 28 2.82
86 28 3.16
28 86 3.16
106 28 2.0
28 106 2.0
28 109 2.0
109 28 2.0
28 110 2.0
85 110 2.0
110 85 2.0
110 28 2.0
110 51 3.16
51 110 3.16
110 52 3.16
52 110 3.16
85 30 2.82
30 85 2.82
111 52 1.0
52 111 1.0
111 81 2.23
81 111 2.23
111 4 1.0
4 111 1.0
53 111 1.41
111 53 1.41
63 100 3.16
100 63 3.16
62 101 3.16
101 62 3.16
57 102 3.16
102 57 3.16
58 103 3.16
103 58 3.16
98 100 2.23
100 98 2.23
98 101 2.23
101 98 2.23
99 102 2.23
102 99 2.23
99 103 2.23
103 99 2.23
112 46 1.41
46 112 1.41
112 66 0.707
66 112 0.707
112 65 3.16
65 112 3.16
113 36 1.41
36 113 1.41
113 69 0.707
69 113 0.707
113 70 3.16
70 113 3.16
114 10 1.41
10 114 1.41
114 74 0.707
74 114 0.707
114 73 3.16
73 114 3.16
115 20 1.41
20 115 1.41
115 77 0.707
77 115 0.707
115 78 3.16
78 115 3.16
110 81 2.82
81 110 2.82
110 86 2.82
86 110 2.82
110 109 2.82
109 110 2.82
109 106 2.82
106 109 2.82
106 86 2.82
86 106 2.82
109 81 2.82
81 109 2.82
109 82 2.82
82 109 2.82